106 79 426
16 92 413
103 54 2
23 69 300
28 21 150
136 74 224
57 17 402
143 107 282
150 75 295
77 28 211
30 6 121
105 8 318
165 12 146
119 8 334
63 66 394
118 117 20
138 108 259
78 53 489
93 111 299
52 107 222
111 116 484
35 33 249
89 96 367
17 87 245
16 30 331
176 19 85
109 8 291
60 80 346
172 29 62
104 86 213
31 46 357
167 2 303
167 70 371
81 102 285
11 17 191
65 48 189
59 5 139
131 72 489
66 1 64
114 17 360
46 83 89
125 27 390
169 70 462
151 118 235
97 64 21
120 11 310
174 47 448
140 65 183
180 114 291
80 87 46
55 63 431
31 59 292
28 55 432
103 15 159
1 78 419
161 18 476
68 60 402
71 22 173
78 120 134
29 56 433
168 31 486
20 31 201
167 39 383
88 34 422
141 87 491
173 69 292
94 58 423
14 26 209
99 15 283
65 9 121
104 119 325
107 40 296
33 67 196
52 59 251
107 18 230
101 12 500
51 2 449
32 50 225
156 91 398
46 90 52
73 113 397
83 114 235
34 101 412
89 85 357
38 14 46
97 105 67
106 50 205
175 109 177
122 104 39
97 92 82
49 41 390
173 75 198
57 50 99
38 108 380
72 119 41
117 29 271
3 98 29
12 2 157
15 30 450
109 16 466
138 43 267
35 119 272
73 49 205
150 105 217
95 91 394
102 22 169
74 53 281
16 1 225
 75 84 500
 57 12 485
 147 15 385
 32 11 406
 106 25 70
 177 96 103
 35 75 472
 84 78 453
58 45 473
165 98 285
143 116 156
100 62 138
153 105 239
59 74 463
95 53 406
130 91 289
86 46 157
 68 32 137
27 17 298
11 50 57
113 72 442
55 15 441
82 1 89
142 48 232
53 70 487
22 116 342
37 58 473
16 36 245
13 62 286
167 112 157
77 82 198
74 56 302
28 17 169
31 91 122
125 19 223
85 14 452
 90 26 160
89 115 78
72 46 360
139 104 381
139 24 392
9 46 128
24 33 476
48 36 361
9 17 438
90 53 188
 19 60 440
 37 101 396
 51 42 12
 166 61 88
 97 47 442
 134 97 84
 139 117 489
 123 4 467
117 95 59
117 12 325
43 35 183
174 27 346
88 26 19
169 43 294
110 78 122
179 59 168
154 64 271
 172 70 260
 108 49 477
 113 107 289
62 8 265
40 99 390
16 16 380
128 106 118
47 85 55
79 65 216
156 86 347
138 69 343
142 10 448
 121 49 452
 28 117 26
 22 43 88
 84 99 327
114 46 63
74 70 124
87 117 30
166 76 212
87 69 240
1 3 432
79 33 191
69 111 321
27 18 435
134 54 23
166 30 299
4 35 82
174 109 290
3 115 290
138 72 140
19 79 133
70 111 397
119 107 242
138 91 434
77 113 152
141 55 158
177 84 302
160 92 312
113 77 462
90 115 62
 45 9 433
 107 37 339
 49 85 272
 11 29 427
 123 37 453
 125 99 354
 126 89 289
 17 59 377
 79 43 437
 138 35 34
 125 12 375
 159 51 102
 177 105 30
 42 91 58
 37 59 145
 150 43 96
 89 13 370
 47 86 392
 99 31 147
 125 80 124
71 9 257
28 108 299
180 78 201
110 72 52
59 17 385
97 42 451
108 118 54
32 85 247
145 79 116
 82 78 267
 143 53 9
 138 45 242
 86 53 453
 141 91 33
 37 25 434
 174 25 397
 98 96 447
 169 23 120
 106 115 465
 77 59 103
 90 94 195
 3 94 464
 67 104 265
 72 67 268
 177 56 262
 128 24 310
 83 28 1
 142 2 200
 38 1 197
25 28 320
42 25 301
57 36 287
17 109 3
174 54 237
32 43 68
150 108 288
30 60 9
124 37 417
 95 14 479
 136 120 275
 112 105 1
 54 115 56
 129 50 315
 152 14 118
 10 112 251
 2 80 145
 13 53 393
 37 33 400
 89 84 196
 8 20 13
 131 115 204
10 119 112
42 5 469
17 7 162
75 49 41
81 11 423
110 63 218
94 66 418
116 98 59
165 46 485
176 116 11
156 70 328
96 53 293
92 23 362
10 14 303
105 109 435
4 45 78
104 54 146
 167 22 399
 24 117 1
 160 44 184
 20 16 249
 147 25 473
 124 22 168
 12 102 316
 73 49 424
 27 14 190
 169 104 340
 133 88 65
 159 66 364
 167 49 301
 171 98 200
 173 89 281
 110 10 92
 92 63 358
 86 75 426
 2 79 167
78 83 307
38 87 11
26 114 145
48 87 144
105 4 297
31 42 400
57 118 454
87 1 451
101 24 302
166 21 253
 137 19 10
 139 87 379
167 110 358
30 77 164
49 117 430
124 109 368
93 112 382
134 58 111
164 55 249
20 84 398
106 111 29
29 62 101
2 58 306
117 68 15
112 1 277
80 44 488
88 83 389
37 95 184
 135 35 278
8 60 296
131 37 307
103 107 218
118 65 4
129 34 434
50 81 83
119 94 35
156 46 258
24 51 93
36 103 453
 28 75 319
 50 102 357
 141 15 454
 76 57 433
 144 86 224
 6 25 47
 156 18 335
 115 112 93
 30 109 89
 81 2 227
 58 111 62
 117 108 145
 22 82 71
 71 42 403
 92 28 125
 128 41 85
 9 41 429
 158 66 5
 149 29 226
112 68 405
74 59 77
134 38 232
5 101 212
27 110 381
81 22 441
89 65 164
54 74 470
109 104 46
148 17 66
 82 50 81
 119 26 283
 123 44 113
 173 92 313
 4 34 398
 137 12 33
 6 18 23
 28 89 248
 118 34 499
 61 54 52
 141 33 196
 138 15 263
 20 79 438
 54 73 51
 91 52 184
 47 37 386
 29 8 259
 14 19 107
 76 5 394
12 54 351
171 111 319
118 116 413
102 5 241
111 86 481
7 17 326
141 103 108
114 115 180
8 103 91
34 116 49
 174 8 266
 163 57 126
 141 98 286
 88 104 342
 10 6 184
 131 81 356
 135 107 313
 81 113 46
 150 115 49
 140 93 263
 175 60 111
 124 115 98
 139 108 390
 49 35 267
 121 115 162
 138 109 167
 20 113 467
 42 50 132
 155 33 401
65 6 269
72 109 3
40 114 413
51 21 340
90 103 359
121 53 125
103 16 375
169 46 449
116 74 49
73 75 206
 13 111 253
 26 1 180
 39 11 213
 106 5 485
 67 55 464
 95 76 395
 132 87 402
 88 27 263
 82 109 481
 26 17 139
 174 119 254
 12 107 151
 81 84 17
 62 108 396
 73 31 34
 73 5 315
 27 120 385
 58 36 325
 78 3 75
177 49 372
160 115 168
90 38 278
132 22 383
131 110 130
48 58 429
15 107 444
21 21 200
21 83 19
20 103 267
 120 6 114
89 79 105
121 45 166
38 58 376
170 32 82
77 111 218
84 63 248
81 50 302
31 81 144
125 91 407
139 118 329
77 119 233
128 52 483
3 61 203
18 1 283
147 2 61
1 106 190
 71 21 262
 80 21 185
132 90 167
171 30 391
92 52 5
13 46 384
176 46 291
155 64 350
133 88 88
172 95 464
110 7 88
151 67 89
 164 109 357
 151 96 171
 6 97 103
 115 45 475
 40 12 430
 113 3 380
 132 56 53
 117 79 142
 20 11 477
 102 104 200
 39 76 272
 21 109 11
 55 47 7
 79 54 304
 24 86 386
 27 10 177
 79 90 425
 120 47 210
 42 43 190
90 10 296
107 45 438
37 2 467
116 76 177
162 36 484
126 59 90
38 27 179
125 73 498
5 48 51
68 25 271
 110 16 405
 86 118 157
 33 29 156
 152 42 119
 157 74 235
 16 17 332
 140 97 138
 60 108 311
 112 16 428
 64 54 387
 63 98 36
 73 38 60
 2 48 9
 103 104 464
 1 118 29
 67 39 101
 164 14 356
 131 104 293
 65 33 7
10 6 317
40 79 239
151 58 22
11 76 105
126 30 486
116 86 28
76 117 160
120 46 371
81 16 432
141 91 472
 173 72 145
 128 48 374
 59 54 292
 9 101 348
 35 32 24
 133 108 386
 139 109 323
 76 84 432
 153 88 421
 95 20 286
 160 100 332
 1 9 72
 120 98 411
 159 53 484
 124 88 131
 11 90 253
 34 24 183
 41 108 345
 32 33 137
155 23 27
11 40 463
170 22 454
172 70 461
86 118 342
103 57 145
145 69 446
87 47 390
23 54 146
120 83 478
 12 10 49
 33 46 209
 104 111 28
 179 13 224
 30 60 107
 100 71 107
 158 62 324
 76 47 460
 137 32 10
 129 90 375
 100 11 400
 179 92 193
 130 18 50
 142 83 435
 95 97 281
 58 42 80
 37 67 258
 104 92 96
 155 21 215
74 10 367
163 105 500
70 3 243
134 66 434
41 54 139
127 72 266
171 79 265
2 75 123
121 31 42
140 16 386
92 77 239
22 48 323
38 115 480
93 73 310
105 2 39
82 63 122
162 84 441
28 72 478
102 118 251
56 21 71
31 103 380
24 80 456
160 73 319
49 47 88
115 88 269
52 77 214
 172 80 175
 14 38 302
 9 75 156
161 54 177
70 108 443
30 113 99
25 17 123
138 61 98
98 27 397
142 89 23
175 37 375
12 29 312
176 42 254
 169 102 167
 105 81 302
 179 65 442
10 91 444
145 15 269
23 54 41
133 57 224
96 55 263
80 68 489
107 68 171
112 69 19
154 20 308
50 23 468
123 51 478
161 6 372
143 51 158
123 106 357
109 91 472
139 82 245
9 52 125
107 49 432
124 48 256
132 92 83
129 101 365
115 53 248
45 57 308
174 46 245
34 12 273
103 69 379
 89 21 170
 54 120 434
 129 52 441
 38 101 104
 128 23 167
 39 96 207
 42 73 52
 73 69 495
 120 54 102
 6 77 289
 141 58 423
 14 96 138
 120 67 470
 14 53 451
 3 72 150
 130 2 236
 108 100 134
 149 4 475
 120 76 303
132 72 425
35 18 233
104 67 84
154 24 48
86 78 357
22 34 106
37 69 393
33 87 135
172 10 316
17 22 6
 40 111 415
 125 51 410
 175 16 226
 106 66 452
 128 45 30
 43 69 406
 102 94 303
 108 62 7
 148 22 354
 67 119 182
 175 112 86
 86 89 236
 56 41 483
 108 70 295
 3 81 244
 44 76 227
 46 36 81
 126 116 213
 165 96 268
23 78 427
32 66 297
16 22 388
61 45 246
159 12 103
126 118 223
22 55 215
48 32 156
113 86 81
30 113 78
 169 13 75
 34 105 329
 173 52 480
 145 4 278
 23 5 12
 107 27 99
 62 19 101
 149 90 178
 60 111 119
 146 59 262
 76 60 276
 145 23 348
 13 91 232
 86 76 471
 34 44 364
 128 78 120
 172 50 459
 169 10 124
 118 51 231
123 101 371
55 69 244
135 111 28
145 86 63
168 27 171
32 18 446
130 109 320
80 30 233
96 113 378
5 101 396
 94 76 157
 103 54 158
 57 5 205
 73 31 499
 166 46 492
 90 100 246
 115 32 429
 9 107 153
 20 12 300
 137 33 382
 96 110 150
 140 101 122
 68 27 468
 139 20 248
 22 117 414
 63 23 139
 172 3 204
 74 7 299
 164 3 221
76 22 189
119 42 128
165 71 137
123 53 56
16 48 436
142 96 241
138 51 362
163 8 61
45 78 421
113 106 163
 28 74 68
 123 110 472
19 82 107
142 111 464
114 88 405
79 50 64
38 91 162
129 78 490
165 114 492
121 52 430
100 116 401
92 95 416
172 44 94
178 10 89
82 36 347
100 117 111
89 114 62
115 96 293
 49 82 327
39 17 138
16 46 368
22 105 248
81 31 74
62 56 40
145 63 71
168 48 382
177 96 139
125 95 120
128 49 315
 10 75 448
 67 62 415
 125 75 450
 168 56 392
 37 43 211
 178 109 126
 159 61 395
 13 37 245
 118 79 445
 57 97 489
 123 38 44
 11 112 40
 36 85 430
 158 49 192
 34 92 236
 103 50 223
 71 51 444
 61 119 233
 17 64 285
137 88 228
141 101 439
91 118 485
44 57 46
126 18 490
55 41 377
174 88 403
175 65 330
37 86 428
106 94 395
 156 54 12
 43 100 154
 113 107 322
 174 4 441
 9 62 4
 95 18 135
 179 12 496
 148 16 116
80 106 288
68 51 297
5 97 346
173 102 388
3 90 217
114 45 355
45 100 40
139 88 73
31 25 338
107 20 22
149 80 13
